desc: I1 cache:         32768 B, 64 B, 8-way associative
desc: D1 cache:         32768 B, 64 B, 8-way associative
desc: LL cache:         3145728 B, 64 B, 12-way associative
cmd: bin/Debug/4prp  line
events: Ir I1mr ILmr Dr D1mr DLmr Dw D1mw DLmw 
fl=/build/eglibc-niDHA5/eglibc-2.13/elf/../elf/dl-sysdep.c
fn=_dl_important_hwcaps
354 11 1 1 0 0 0 8 0 0
356 6 1 1 4 0 0 2 0 0
357 4 0 0 1 0 0 1 0 0
366 412 1 1 83 0 0 27 0 0
367 297 1 1 81 0 0 54 0 0
368 54 0 0 27 0 0 0 0 0
376 4 0 0 1 0 0 1 0 0
380 2 1 1 0 0 0 1 0 0
418 3 1 1 1 0 0 1 0 0
420 6 0 0 0 0 0 3 1 1
435 5 0 0 0 0 0 1 0 0
438 2 0 0 0 0 0 0 0 0
448 4 1 1 0 0 0 1 0 0
465 115 2 2 3 0 0 1 0 0
466 243 0 0 0 0 0 0 0 0
468 23 2 2 10 0 0 6 0 0
469 10 0 0 2 0 0 8 1 1
470 30 0 0 4 0 0 4 0 0
471 2 0 0 2 0 0 0 0 0
473 3 0 0 1 0 0 0 0 0
475 3 0 0 2 0 0 1 0 0
476 5 0 0 3 0 0 1 0 0
480 3 1 1 1 0 0 1 0 0
481 1 0 0 0 0 0 1 0 0
484 3 0 0 2 0 0 0 0 0
487 2 0 0 1 0 0 0 0 0
491 5 0 0 4 0 0 0 0 0
492 2 0 0 0 0 0 0 0 0
494 5 1 1 1 0 0 0 0 0
495 8 0 0 0 0 0 0 0 0
496 4 0 0 2 0 0 0 0 0
497 10 0 0 3 0 0 0 0 0
504 4 0 0 1 0 0 0 0 0
510 7 1 1 2 0 0 2 0 0
511 5 0 0 0 0 0 4 0 0
512 2 0 0 0 0 0 0 0 0
519 2 0 0 1 0 0 0 0 0
541 6 1 1 3 0 0 2 1 1
544 2 0 0 1 0 0 0 0 0
551 11 0 0 3 0 0 3 0 0
554 4 0 0 0 0 0 0 0 0
557 40 1 1 12 0 0 24 0 0
560 53 0 0 18 0 0 1 0 0
561 56 1 1 8 0 0 4 0 0
562 48 0 0 16 0 0 28 1 1
565 41 1 1 16 0 0 20 0 0
567 8 0 0 0 0 0 0 0 0
572 59 0 0 4 0 0 0 0 0
573 16 1 1 0 0 0 16 0 0
577 16 0 0 8 0 0 0 0 0
580 152 0 0 12 0 0 0 0 0
581 192 1 1 0 0 0 0 0 0
582 128 0 0 64 0 0 32 0 0
584 12 0 0 4 0 0 0 0 0
587 3 0 0 1 0 0 0 0 0
588 3 1 1 1 0 0 1 0 0
589 23 0 0 2 0 0 1 0 0
591 18 0 0 0 0 0 0 0 0
592 9 0 0 6 0 0 3 0 0
594 6 0 0 3 0 0 3 0 0
595 6 0 0 0 0 0 0 0 0
602 51 1 1 28 0 0 9 0 0
605 24 0 0 0 0 0 0 0 0
608 4 0 0 3 0 0 1 0 0
611 7 0 0 6 0 0 0 0 0
fn=_dl_sysdep_start
89 9 1 1 1 0 0 5 1 1
113 1 0 0 0 0 0 1 0 0
114 140 1 1 34 3 3 4 3 3
117 2 0 0 0 0 0 1 0 0
118 1 0 0 0 0 0 1 1 1
120 125 4 4 38 3 3 21 0 0
121 105 0 0 16 3 3 0 0 0
124 3 0 0 1 0 0 0 0 0
127 1 0 0 1 0 0 0 0 0
130 2 1 1 1 0 0 1 0 0
133 2 0 0 1 0 0 1 0 0
154 2 1 1 1 0 0 1 0 0
157 2 0 0 1 0 0 1 0 0
160 4 1 1 1 0 0 2 0 0
163 2 1 1 1 0 0 1 0 0
179 2 0 0 1 0 0 1 0 0
213 3 0 0 1 0 0 0 0 0
227 4 1 1 0 0 0 3 0 0
229 5 0 0 0 0 0 2 0 0
241 3 1 1 1 0 0 0 0 0
244 7 0 0 2 0 0 5 0 0
fl=/build/eglibc-niDHA5/eglibc-2.13/elf/../misc/sbrk.c
fn=sbrk
35 9 1 1 1 0 0 5 0 0
43 6 1 1 2 0 0 0 0 0
47 2 0 0 0 0 0 0 0 0
58 7 0 0 5 0 0 0 0 0
fl=/build/eglibc-niDHA5/eglibc-2.13/elf/../sysdeps/i386/dl-machine.h
fn=_dl_start
49 1 0 0 1 1 1 0 0 0
60 2 0 0 0 0 0 0 0 0
345 16 0 0 16 3 3 0 0 0
348 32 0 0 8 3 3 0 0 0
353 32 0 0 0 0 0 0 0 0
357 24 0 0 16 0 0 8 1 1
639 12 0 0 0 0 0 0 0 0
640 22 0 0 11 2 2 0 0 0
641 11 0 0 11 1 1 0 0 0
fn=_dl_sysdep_start
273 5 0 0 2 1 1 0 0 0
fl=/build/eglibc-niDHA5/eglibc-2.13/elf/../sysdeps/i386/dl-procinfo.h
fn=_dl_load_cache_lookup
101 4 0 0 0 0 0 0 0 0
102 12 0 0 0 0 0 0 0 0
104 24 1 1 4 0 0 12 0 0
105 1 1 1 0 0 0 0 0 0
fl=/build/eglibc-niDHA5/eglibc-2.13/elf/../sysdeps/i386/dl-tlsdesc.S
fn=???
131 464 1 1 464 0 0 0 0 0
fl=/build/eglibc-niDHA5/eglibc-2.13/elf/../sysdeps/unix/sysv/linux/dl-sysdep.c
fn=_dl_discover_osversion
67 8 1 1 0 0 0 5 0 0
69 4 1 1 1 0 0 1 1 1
109 6 2 2 0 0 0 2 0 0
121 3 0 0 0 0 0 1 0 0
131 12 0 0 3 1 1 0 0 0
133 9 0 0 0 0 0 0 0 0
135 12 0 0 3 0 0 0 0 0
141 3 0 0 3 0 0 0 0 0
142 3 1 1 0 0 0 0 0 0
143 3 0 0 0 0 0 0 0 0
145 14 0 0 2 0 0 0 0 0
150 3 1 1 1 0 0 0 0 0
154 6 0 0 5 0 0 0 0 0
fn=_dl_sysdep_start
36 2 1 1 0 0 0 2 0 0
fl=/build/eglibc-niDHA5/eglibc-2.13/elf/../sysdeps/unix/sysv/linux/i386/brk.c
fn=brk
36 6 1 1 1 0 0 3 0 0
41 5 0 0 0 0 0 0 0 0
43 1 0 0 0 0 0 1 0 0
45 3 0 0 0 0 0 0 0 0
52 4 0 0 3 0 0 0 0 0
fl=/build/eglibc-niDHA5/eglibc-2.13/elf/dl-cache.c
fn=_dl_cache_libcmp
140 80 1 1 10 0 0 40 0 0
141 90 1 1 0 0 0 0 0 0
143 135 0 0 0 0 0 0 0 0
163 225 1 1 45 14 14 0 0 0
165 135 0 0 0 0 0 0 0 0
166 40 1 1 0 0 0 0 0 0
169 35 0 0 35 0 0 0 0 0
170 105 0 0 70 0 0 0 0 0
174 50 0 0 40 0 0 0 0 0
fn=_dl_load_cache_lookup
183 9 1 1 0 0 0 6 0 0
191 2 0 0 1 0 0 0 0 0
194 4 0 0 1 0 0 1 0 0
197 4 2 2 0 0 0 1 0 0
205 17 0 0 22 2 2 0 0 0
206 5 0 0 1 0 0 1 0 0
210 2 0 0 0 0 0 2 0 0
213 3 1 1 1 0 0 0 0 0
216 2 0 0 0 0 0 1 0 0
217 25 0 0 41 3 3 0 0 0
219 2 1 1 0 0 0 0 0 0
236 2 0 0 0 0 0 0 0 0
239 2 0 0 1 0 0 0 0 0
245 4 1 1 1 0 0 1 0 0
254 7 0 0 4 0 0 2 0 0
256 6 0 0 1 0 0 3 0 0
257 4 1 1 2 0 0 0 0 0
258 10 0 0 0 0 0 2 0 0
260 5 0 0 0 0 0 4 0 0
265 11 1 1 4 0 0 2 0 0
279 211 1 1 69 9 9 13 0 0
297 1 0 0 0 0 0 0 0 0
300 7 0 0 5 0 0 0 0 0
fl=/build/eglibc-niDHA5/eglibc-2.13/elf/dl-debug.c
fn=_dl_debug_initialize
49 18 2 2 0 0 0 10 1 1
52 6 0 0 2 0 0 0 0 0
57 11 0 0 1 0 0 0 0 0
60 1 0 0 0 0 0 1 0 0
61 4 0 0 0 0 0 1 0 0
62 3 0 0 1 0 0 1 0 0
63 2 1 1 0 0 0 1 0 0
67 14 0 0 10 0 0 0 0 0
fn=_dl_debug_state
76 2 1 1 0 0 0 1 0 0
77 2 0 0 2 0 0 0 0 0
fl=/build/eglibc-niDHA5/eglibc-2.13/elf/dl-deps.c
fn=_dl_map_object_deps
149 11 1 1 0 0 0 8 0 0
150 6 1 1 0 0 0 1 0 0
164 2 1 1 0 0 0 2 0 0
165 3 0 0 1 0 0 2 0 0
166 3 0 0 0 0 0 2 0 0
172 9 0 0 3 0 0 2 0 0
182 12 0 0 4 0 0 1 0 0
183 2 0 0 2 0 0 0 0 0
186 3 1 1 0 0 0 2 0 0
201 2 0 0 1 0 0 1 0 0
203 1 0 0 0 0 0 1 0 0
204 2 0 0 0 0 0 2 0 0
208 3 0 0 2 0 0 1 0 0
213 2 1 1 1 0 0 1 0 0
217 6 1 1 2 0 0 0 0 0
219 1 0 0 0 0 0 1 0 0
222 4 0 0 2 0 0 0 0 0
224 4 0 0 3 0 0 1 0 0
229 1 0 0 0 0 0 1 0 0
230 1 0 0 0 0 0 1 0 0
231 2 1 1 1 0 0 1 0 0
232 2 0 0 1 0 0 1 0 0
235 9 0 0 3 0 0 3 0 0
236 2 1 1 0 0 0 0 0 0
242 9 0 0 3 0 0 3 0 0
244 1 0 0 0 0 0 1 0 0
247 9 1 1 1 0 0 3 0 0
249 3 0 0 1 0 0 0 0 0
293 3 1 1 0 0 0 1 0 0
303 2 0 0 0 0 0 1 0 0
330 2 0 0 0 0 0 1 0 0
338 2 0 0 0 0 0 1 0 0
342 45 1 1 31 0 0 5 0 0
343 35 1 1 21 0 0 5 0 0
344 2 0 0 1 0 0 0 0 0
346 2 0 0 1 0 0 1 0 0
348 6 0 0 1 0 0 1 0 0
491 2 1 1 0 0 0 0 0 0
495 5 1 1 2 0 0 1 0 0
506 5 0 0 1 0 0 3 0 0
508 2 0 0 0 0 0 0 0 0
513 5 1 1 3 0 0 1 0 0
514 5 0 0 1 0 0 2 0 0
516 6 0 0 2 0 0 0 0 0
518 8 0 0 4 0 0 0 0 0
522 8 0 0 4 0 0 2 0 0
526 2 1 1 2 0 0 0 0 0
529 3 0 0 1 0 0 1 0 0
580 6 0 0 3 0 0 1 0 0
582 5 1 1 2 0 0 1 0 0
618 8 1 1 2 0 0 5 0 0
620 4 0 0 1 0 0 1 0 0
625 7 1 1 1 0 0 1 0 0
626 8 0 0 1 0 0 6 0 0
630 3 0 0 2 0 0 1 0 0
631 4 0 0 2 0 0 1 0 0
637 7 1 1 3 0 0 1 0 0
667 4 1 1 2 0 0 0 0 0
670 1 1 1 1 0 0 0 0 0
677 3 0 0 2 0 0 1 0 0
679 2 0 0 1 0 0 1 0 0
687 2 0 0 1 0 0 0 0 0
690 2 1 1 1 0 0 0 0 0
691 11 1 1 5 0 0 2 0 0
fn=openaux
62 6 1 1 1 0 0 3 0 0
65 12 1 1 6 0 0 6 1 1
66 5 0 0 1 0 0 1 0 0
69 1 0 0 1 0 0 0 0 0
fl=/build/eglibc-niDHA5/eglibc-2.13/elf/dl-environ.c
fn=_dl_next_ld_env_entry
30 12 1 1 0 0 0 6 0 0
31 3 0 0 3 0 0 0 0 0
34 102 0 0 33 0 0 0 0 0
36 64 0 0 32 16 16 0 0 0
37 16 1 1 7 0 0 0 0 0
39 2 0 0 0 0 0 0 0 0
42 4 0 0 0 0 0 2 0 0
44 2 0 0 0 0 0 0 0 0
47 30 0 0 0 0 0 0 0 0
51 9 0 0 9 0 0 0 0 0
fl=/build/eglibc-niDHA5/eglibc-2.13/elf/dl-error.c
fn=_dl_catch_error
160 20 2 2 0 0 0 14 0 0
169 2 0 0 0 0 0 2 1 1
171 4 0 0 2 0 0 4 1 1
172 4 0 0 2 0 0 2 0 0
174 11 1 1 0 0 0 6 0 0
175 6 0 0 0 0 0 0 0 0
177 6 0 0 2 0 0 2 0 0
178 6 0 0 4 0 0 4 0 0
179 3 0 0 2 0 0 1 0 0
180 2 1 1 1 0 0 1 0 0
181 2 0 0 1 0 0 1 0 0
182 2 0 0 1 0 0 1 0 0
187 3 0 0 2 0 0 1 0 0
188 3 0 0 2 0 0 1 0 0
189 3 0 0 2 0 0 1 0 0
190 3 0 0 2 0 0 1 0 0
191 6 0 0 0 0 0 0 0 0
192 12 0 0 8 0 0 0 0 0
fn=_dl_signal_error
71 3 1 1 1 0 0 0 0 0
73 20 1 1 0 0 0 12 2 2
76 6 1 1 2 0 0 0 0 0
79 6 0 0 4 0 0 4 0 0
80 6 0 0 2 0 0 0 0 0
82 4 0 0 0 0 0 0 0 0
87 4 1 1 0 0 0 3 0 0
88 4 0 0 1 0 0 2 0 0
90 6 0 0 1 0 0 4 0 0
91 3 1 1 1 0 0 0 0 0
94 11 0 0 2 0 0 9 0 0
101 4 0 0 0 0 0 1 0 0
102 1 0 0 1 0 0 0 0 0
116 8 0 0 3 0 0 3 0 0
122 42 5 5 8 0 0 19 0 0
fl=/build/eglibc-niDHA5/eglibc-2.13/elf/dl-load.c
fn=_dl_init_paths
712 9 1 1 0 0 0 6 0 0
727 8 1 1 2 0 0 3 0 0
731 4 0 0 0 0 0 4 0 0
733 2 0 0 0 0 0 0 0 0
740 7 1 1 1 0 0 0 0 0
744 5 0 0 1 0 0 3 0 0
747 5 1 1 2 0 0 0 0 0
753 1 0 0 0 0 0 1 0 0
754 3 0 0 1 0 0 2 0 0
762 8 1 1 4 0 0 4 0 0
764 8 0 0 4 0 0 4 0 0
765 4 0 0 0 0 0 4 2 2
767 4 0 0 0 0 0 4 0 0
768 8 0 0 4 1 1 4 0 0
769 4 0 0 0 0 0 0 0 0
772 12 0 0 4 1 1 0 0 0
773 220 1 1 6 0 0 5 0 0
774 64 0 0 0 0 0 64 4 4
776 29 0 0 7 0 0 6 0 0
780 13 0 0 1 0 0 0 0 0
782 1 1 1 0 0 0 1 1 1
783 1 0 0 0 0 0 1 1 1
787 1 0 0 1 0 0 0 0 0
788 2 0 0 0 0 0 0 0 0
790 4 0 0 1 0 0 0 0 0
792 3 0 0 1 0 0 0 0 0
806 1 0 0 0 0 0 1 0 0
808 3 1 1 1 0 0 0 0 0
819 2 1 1 0 0 0 1 0 0
824 6 1 1 3 0 0 0 0 0
832 5 1 1 0 0 0 3 0 0
834 14 0 0 1 0 0 6 0 0
851 50 1 1 16 0 0 0 0 0
853 14 0 0 0 0 0 0 0 0
854 28 0 0 0 0 0 0 0 0
855 14 0 0 0 0 0 0 0 0
858 3 1 1 0 0 0 3 0 0
860 2 0 0 0 0 0 0 0 0
866 10 0 0 1 0 0 5 0 0
870 4 0 0 2 0 0 0 0 0
876 1 0 0 0 0 0 1 0 0
880 6 0 0 5 0 0 0 0 0
fn=_dl_map_object
2273 22 1 1 0 0 0 14 2 2
2280 6 0 0 2 0 0 0 0 0
2281 6 1 1 4 1 1 0 0 0
2284 27 0 0 9 0 0 2 0 0
2289 15 1 1 5 0 0 0 0 0
2290 10 0 0 0 0 0 0 0 0
2292 25 0 0 0 0 0 5 0 0
2296 20 0 0 5 0 0 0 0 0
2297 5 1 1 5 0 0 0 0 0
2302 16 1 1 6 0 0 6 0 0
2318 8 1 1 2 0 0 2 0 0
2319 4 0 0 2 0 0 0 0 0
2327 4 0 0 0 0 0 0 0 0
2328 2 1 1 2 0 0 0 0 0
2351 2 0 0 0 0 0 2 0 0
2353 10 0 0 0 0 0 6 0 0
2357 4 1 1 0 0 0 3 0 0
2359 2 0 0 1 0 0 0 0 0
2366 7 1 1 3 0 0 0 0 0
2370 2 1 1 1 0 0 1 0 0
2375 7 0 0 3 0 0 1 0 0
2376 9 1 1 1 0 0 3 0 0
2378 13 1 1 1 0 0 6 0 0
2390 15 1 1 3 0 0 3 0 0
2391 5 1 1 2 0 0 0 0 0
2401 3 0 0 1 0 0 0 0 0
2402 20 2 2 4 0 0 8 0 0
2408 14 2 2 3 0 0 3 0 0
2415 4 0 0 1 0 0 1 0 0
2421 3 1 1 0 0 0 1 0 0
2423 2 0 0 0 0 0 0 0 0
2478 4 1 1 1 0 0 0 0 0
2480 5 1 1 3 0 0 0 0 0
2482 17 0 0 2 0 0 8 0 0
2486 2 0 0 1 0 0 0 0 0
2492 3 0 0 1 0 0 1 0 0
2493 4 1 1 1 0 0 2 0 0
2495 2 0 0 0 0 0 0 0 0
2499 11 1 1 2 0 0 5 0 0
2502 2 0 0 0 0 0 0 0 0
2513 10 0 0 4 0 0 0 0 0
2516 4 0 0 0 0 0 0 0 0
2518 2 1 1 1 0 0 0 0 0
2550 2 1 1 1 0 0 0 0 0
2556 6 0 0 1 0 0 2 0 0
2560 2 0 0 1 0 0 1 0 0
2561 17 1 1 5 0 0 8 0 0
2563 7 0 0 5 0 0 0 0 0
fn=_dl_map_object_from_fd
914 10 2 2 0 0 0 7 1 1
925 4 0 0 1 0 0 2 1 1
929 8 0 0 1 0 0 4 0 0
940 12 1 1 4 0 0 1 0 0
941 23 1 1 10 2 2 2 0 0
958 3 1 1 1 0 0 0 0 0
983 2 0 0 1 0 0 0 0 0
992 2 1 1 1 0 0 0 0 0
996 3 0 0 1 0 0 1 0 0
1013 4 0 0 2 0 0 0 0 0
1044 3 0 0 0 0 0 1 0 0
1047 12 1 1 6 0 0 4 0 0
1048 2 0 0 0 0 0 0 0 0
1059 2 0 0 1 0 0 1 0 0
1060 4 0 0 2 0 0 2 0 0
1061 2 1 1 1 0 0 1 0 0
1063 2 0 0 1 0 0 0 0 0
1064 5 0 0 3 0 0 0 0 0
1065 2 0 0 1 0 0 1 0 0
1070 1 0 0 0 0 0 1 0 0
1089 8 1 1 1 0 0 1 0 0
1097 51 1 1 17 0 0 3 0 0
1098 59 2 2 7 0 0 0 0 0
1104 2 0 0 1 0 0 1 0 0
1105 4 0 0 1 0 0 1 0 0
1115 14 1 1 4 0 0 2 0 0
1121 14 1 1 6 0 0 2 0 0
1129 12 0 0 6 0 0 2 0 0
1130 12 0 0 4 0 0 4 0 0
1131 18 1 1 8 0 0 2 0 0
1133 6 0 0 4 0 0 2 0 0
1134 6 0 0 4 0 0 2 0 0
1135 8 0 0 4 0 0 2 0 0
1139 7 0 0 4 0 0 0 0 0
1144 16 1 1 8 0 0 4 0 0
1155 2 0 0 0 0 0 0 0 0
1186 3 0 0 1 0 0 1 0 0
1193 2 0 0 0 0 0 1 0 0
1214 4 0 0 0 0 0 2 0 0
1236 2 1 1 1 0 0 1 0 0
1237 1 0 0 0 0 0 0 0 0
1240 2 0 0 1 0 0 1 0 0
1241 3 0 0 1 0 0 1 0 0
1245 3 1 1 1 0 0 0 0 0
1258 9 0 0 5 0 0 1 0 0
1260 2 1 1 1 0 0 0 0 0
1279 14 1 1 6 0 0 8 0 0
1283 2 0 0 0 0 0 0 0 0
1290 3 0 0 1 0 0 1 0 0
1291 3 0 0 2 0 0 1 0 0
1293 2 0 0 1 0 0 0 0 0
1303 2 1 1 2 0 0 0 0 0
1326 13 0 0 5 0 0 0 0 0
1328 4 0 0 0 0 0 0 0 0
1330 14 1 1 6 0 0 7 0 0
1338 4 0 0 2 0 0 0 0 0
1339 3 0 0 2 0 0 1 0 0
1341 11 0 0 3 0 0 1 0 0
1343 7 1 1 6 0 0 1 0 0
1344 7 1 1 3 0 0 1 0 0
1346 4 0 0 1 0 0 1 0 0
1348 8 0 0 4 0 0 0 0 0
1354 2 0 0 1 0 0 0 0 0
1355 2 1 1 1 0 0 1 0 0
1356 8 0 0 5 0 0 1 0 0
1357 2 0 0 0 0 0 1 0 0
1364 2 0 0 0 0 0 0 0 0
1367 3 1 1 1 0 0 0 0 0
1378 8 0 0 0 0 0 6 0 0
1379 6 0 0 3 0 0 1 0 0
1384 2 0 0 1 0 0 0 0 0
1399 2 1 1 0 0 0 0 0 0
1403 3 1 1 1 0 0 0 0 0
1412 2 0 0 1 0 0 1 0 0
1418 3 0 0 1 0 0 0 0 0
1434 3 0 0 1 0 0 0 0 0
1453 2 1 1 1 0 0 1 0 0
1455 5 0 0 2 0 0 0 0 0
1510 3 0 0 1 0 0 0 0 0
1514 5 1 1 1 0 0 2 0 0
1522 2 0 0 1 0 0 0 0 0
1525 3 0 0 2 0 0 1 0 0
1527 2 0 0 1 0 0 0 0 0
1543 2 0 0 0 0 0 1 0 0
1547 2 0 0 1 0 0 0 0 0
1548 3 1 1 1 0 0 0 0 0
1565 2 0 0 1 0 0 0 0 0
1566 2 0 0 0 0 0 1 0 0
1569 4 0 0 2 0 0 2 0 0
1570 4 0 0 2 0 0 2 0 0
1574 3 0 0 1 0 0 0 0 0
1580 3 0 0 1 0 0 1 0 0
1584 2 0 0 0 0 0 0 0 0
1585 1 0 0 1 0 0 0 0 0
1604 7 0 0 5 0 0 0 0 0
fn=cache_rpath
688 15 1 1 0 0 0 6 0 0
689 12 1 1 3 0 0 0 0 0
706 12 0 0 9 0 0 0 0 0
fn=expand_dynamic_string_token
421 12 2 2 1 0 0 7 0 0
431 5 0 0 0 0 0 3 0 0
435 2 0 0 0 0 0 0 0 0
446 5 0 0 4 0 0 0 0 0
fn=fillin_rpath
491 13 2 2 0 0 0 9 0 0
495 16 0 0 4 0 0 8 0 0
498 4 1 1 1 0 0 2 0 0
502 4 0 0 0 0 0 1 0 0
509 5 1 1 2 0 0 0 0 0
514 4 1 1 1 0 0 1 0 0
517 6 0 0 1 0 0 1 0 0
521 17 0 0 5 0 0 1 0 0
522 12 1 1 8 0 0 0 0 0
534 1 1 1 1 0 0 0 0 0
540 4 0 0 1 0 0 1 0 0
543 7 1 1 2 0 0 3 0 0
546 3 0 0 1 0 0 0 0 0
550 3 0 0 1 0 0 1 1 1
552 7 1 1 1 0 0 6 0 0
553 2 0 0 1 0 0 1 0 0
555 2 0 0 1 0 0 0 0 0
561 5 1 1 2 0 0 0 0 0
562 52 0 0 1 0 0 0 0 0
563 16 0 0 0 0 0 16 0 0
565 2 0 0 1 0 0 1 0 0
566 3 0 0 1 0 0 0 0 0
571 2 1 1 0 0 0 1 0 0
573 2 0 0 1 0 0 1 0 0
574 1 0 0 0 0 0 1 0 0
577 6 0 0 2 0 0 2 1 1
582 3 1 1 2 0 0 1 0 0
585 7 0 0 5 0 0 0 0 0
fn=local_strdup
160 9 1 1 0 0 0 5 0 0
161 3 0 0 0 0 0 2 0 0
162 3 0 0 0 0 0 2 0 0
164 3 0 0 0 0 0 0 0 0
167 4 0 0 0 0 0 4 0 0
168 6 0 0 5 0 0 0 0 0
fn=open_path
2124 20 1 1 0 0 0 14 0 0
2125 6 0 0 4 0 0 2 0 0
2131 4 0 0 0 0 0 0 0 0
2136 26 1 1 8 0 0 4 0 0
2148 15 0 0 5 0 0 5 0 0
2155 40 0 0 15 0 0 25 0 0
2156 345 1 1 85 0 0 5 0 0
2159 160 1 1 80 0 0 0 0 0
2162 80 0 0 80 0 0 0 0 0
2163 1280 1 1 480 0 0 640 0 0
2169 160 0 0 80 0 0 0 0 0
2170 6 1 1 0 0 0 2 0 0
2172 960 1 1 400 0 0 480 0 0
2174 320 0 0 160 0 0 0 0 0
2176 160 0 0 0 0 0 0 0 0
2181 240 1 1 80 0 0 0 0 0
2182 644 1 1 480 0 0 82 0 0
2188 260 0 0 165 0 0 85 0 0
2190 160 0 0 0 0 0 0 0 0
2191 536 0 0 174 0 0 320 0 0
2193 132 1 1 0 0 0 66 0 0
2195 42 1 1 0 0 0 14 0 0
2200 165 1 1 85 0 0 0 0 0
2211 4 0 0 0 0 0 2 0 0
2241 30 0 0 10 0 0 0 0 0
2246 5 0 0 5 0 0 0 0 0
2248 31 0 0 18 0 0 0 0 0
2251 6 1 1 2 0 0 0 0 0
2261 82 0 0 0 0 0 0 0 0
2265 14 0 0 10 0 0 0 0 0
fn=open_verify
1854 1053 1 1 162 0 0 648 0 0
1890 402 0 0 80 0 0 0 0 0
1911 405 1 1 81 0 0 324 0 0
1912 162 0 0 0 0 0 0 0 0
1922 1 0 0 0 0 0 1 0 0
1923 10 1 1 2 0 0 6 0 0
1930 2 0 0 0 0 0 0 0 0
1946 28 1 1 32 2 2 0 0 0
1948 2 0 0 2 0 0 0 0 0
2006 3 0 0 2 0 0 0 0 0
2011 3 1 1 2 0 0 0 0 0
2013 3 0 0 1 0 0 0 0 0
2019 3 0 0 2 0 0 0 0 0
2026 4 0 0 2 0 0 0 0 0
2027 4 1 1 1 0 0 0 0 0
2028 2 0 0 1 0 0 1 0 0
2038 3 1 1 2 0 0 0 0 0
2043 50 0 0 24 0 0 2 0 0
2045 26 1 1 16 3 3 0 0 0
2049 5 0 0 3 0 0 0 0 0
2050 3 0 0 1 0 0 1 0 0
2059 9 1 1 11 1 1 0 0 0
2064 7 0 0 2 0 0 0 0 0
2066 4 0 0 1 0 0 0 0 0
2110 567 0 0 486 0 0 0 0 0
fl=/build/eglibc-niDHA5/eglibc-2.13/elf/dl-lookup.c
fn=_dl_setup_hash
851 24 1 1 0 0 0 15 0 0
855 9 1 1 3 0 0 0 0 0
860 3 0 0 3 0 0 0 0 0
863 6 0 0 3 3 3 3 0 0
864 6 0 0 3 0 0 3 0 0
865 3 0 0 3 0 0 0 0 0
867 9 0 0 0 0 0 0 0 0
868 3 0 0 0 0 0 3 0 0
869 9 0 0 3 1 1 3 0 0
871 3 1 1 0 0 0 3 0 0
872 3 0 0 0 0 0 0 0 0
874 3 0 0 0 0 0 3 0 0
876 15 0 0 3 0 0 3 0 0
889 18 0 0 15 0 0 0 0 0
fl=/build/eglibc-niDHA5/eglibc-2.13/elf/dl-minimal.c
fn=__libc_memalign
53 110 1 1 22 0 0 55 1 1
54 43 0 0 21 0 0 0 0 0
58 2 0 0 0 0 0 1 0 0
59 5 0 0 0 0 0 1 0 0
60 1 1 1 1 0 0 0 0 0
65 44 0 0 0 0 0 11 0 0
68 73 1 1 0 0 0 0 0 0
72 4 0 0 1 0 0 0 0 0
73 3 0 0 0 0 0 0 0 0
79 7 0 0 0 0 0 7 0 0
81 2 0 0 0 0 0 0 0 0
83 2 0 0 1 0 0 0 0 0
84 1 0 0 0 0 0 1 0 0
85 4 0 0 1 0 0 1 0 0
88 11 1 1 0 0 0 11 0 0
89 11 0 0 0 0 0 11 0 0
91 66 0 0 55 0 0 0 0 0
fn=__strerror_r
162 7 2 2 1 0 0 3 0 0
165 6 2 2 1 1 1 0 0 0
196 4 0 0 3 0 0 0 0 0
fn=calloc
108 24 1 1 4 0 0 10 1 1
111 8 1 1 0 0 0 0 0 0
115 4 0 0 0 0 0 4 0 0
116 12 0 0 10 0 0 0 0 0
fn=malloc
96 110 1 1 11 0 0 66 1 1
97 44 0 0 33 0 0 0 0 0
fn=strsep
320 32 1 1 0 0 0 20 0 0
323 20 0 0 8 0 0 0 0 0
325 12 0 0 8 0 0 4 0 0
326 8 0 0 0 0 0 0 0 0
330 366 1 1 120 0 0 0 0 0
335 236 0 0 0 0 0 0 0 0
337 472 0 0 118 0 0 0 0 0
345 59 0 0 0 0 0 0 0 0
348 4 0 0 2 0 0 2 0 0
352 28 0 0 24 0 0 0 0 0
fl=/build/eglibc-niDHA5/eglibc-2.13/elf/dl-misc.c
fn=_dl_debug_vdprintf
79 18 0 0 2 1 1 8 1 1
86 18 0 0 0 0 0 0 0 0
90 16 0 0 0 0 0 0 0 0
99 2 1 1 0 0 0 1 0 0
109 2 0 0 0 0 0 1 1 1
116 75 2 2 16 0 0 3 0 0
117 5 0 0 0 0 0 0 0 0
120 16 1 1 0 0 0 0 0 0
121 40 1 1 8 0 0 8 1 1
122 9 0 0 3 0 0 3 0 0
124 24 0 0 8 0 0 0 0 0
135 35 1 1 7 0 0 7 0 0
143 28 1 1 7 0 0 7 0 0
150 28 0 0 0 0 0 14 0 0
159 28 2 2 0 0 0 0 0 0
167 56 1 1 0 0 0 0 0 0
202 28 1 1 21 0 0 7 0 0
203 28 1 1 0 0 0 28 0 0
204 21 0 0 14 0 0 0 0 0
206 7 0 0 0 0 0 0 0 0
218 28 0 0 7 0 0 7 0 0
220 3 0 0 0 0 0 1 0 0
241 7 0 0 1 0 0 0 0 0
258 6 0 0 5 0 0 0 0 0
fn=_dl_dprintf
287 1 0 0 0 0 0 0 0 0
288 3 1 1 0 0 0 1 0 0
292 6 1 1 2 0 0 3 0 0
294 2 0 0 2 0 0 0 0 0
fn=_dl_name_match_p
301 50 1 1 0 0 0 25 0 0
302 30 0 0 5 0 0 15 0 0
305 5 0 0 5 0 0 0 0 0
307 36 1 1 0 0 0 0 0 0
308 42 0 0 7 0 0 21 0 0
311 7 0 0 7 0 0 0 0 0
314 30 1 1 25 0 0 0 0 0
fn=_dl_sysdep_read_whole_file
44 10 1 1 0 0 0 6 0 0
47 4 1 1 0 0 0 3 0 0
48 3 0 0 0 0 0 0 0 0
50 7 0 0 0 0 0 4 0 0
52 2 0 0 1 0 0 1 0 0
55 2 0 0 0 0 0 0 0 0
57 10 2 2 1 0 0 7 0 0
68 4 0 0 1 0 0 3 0 0
71 7 0 0 5 0 0 0 0 0
fl=/build/eglibc-niDHA5/eglibc-2.13/elf/dl-object.c
fn=_dl_add_to_namespace_list
33 18 1 1 0 0 0 10 0 0
35 8 0 0 2 0 0 6 0 0
37 19 1 1 4 0 0 6 0 0
40 8 0 0 2 0 0 0 0 0
42 1 0 0 0 0 0 1 0 0
44 1 0 0 0 0 0 1 0 0
47 4 0 0 2 0 0 1 0 0
48 4 0 0 2 0 0 0 0 0
49 8 0 0 4 0 0 4 0 0
50 4 0 0 4 0 0 0 0 0
52 4 0 0 2 0 0 4 0 0
53 12 0 0 10 0 0 0 0 0
fn=_dl_new_object
62 24 2 2 2 0 0 16 0 0
64 8 0 0 0 0 0 6 0 0
70 2 0 0 2 0 0 0 0 0
71 13 2 2 2 0 0 0 0 0
77 16 1 1 2 0 0 10 0 0
80 6 0 0 2 0 0 0 0 0
83 2 0 0 0 0 0 2 1 1
84 4 0 0 0 0 0 2 2 2
87 6 0 0 0 0 0 4 0 0
89 20 1 1 6 0 0 12 1 1
91 4 0 0 2 0 0 2 0 0
93 4 0 0 2 0 0 2 0 0
94 12 1 1 4 2 2 2 0 0
97 6 0 0 4 0 0 0 0 0
98 4 0 0 0 0 0 2 2 2
99 2 0 0 0 0 0 2 0 0
103 4 0 0 2 0 0 2 0 0
106 54 0 0 0 0 0 0 0 0
108 16 0 0 0 0 0 16 2 2
118 4 1 1 0 0 0 2 2 2
119 2 0 0 0 0 0 2 0 0
124 10 0 0 4 0 0 0 0 0
126 3 0 0 0 0 0 1 0 0
129 5 0 0 0 0 0 0 0 0
133 4 0 0 1 0 0 0 0 0
137 13 1 1 2 0 0 0 0 0
145 1 1 1 0 0 0 1 0 0
148 4 0 0 0 0 0 2 0 0
151 8 1 1 4 0 0 0 0 0
153 5 0 0 0 0 0 4 0 0
157 3 0 0 1 0 0 0 0 0
161 3 0 0 0 0 0 2 0 0
162 4 0 0 0 0 0 0 0 0
207 9 0 0 3 0 0 5 0 0
212 29 1 1 0 0 0 0 0 0
213 86 0 0 29 0 0 0 0 0
215 3 0 0 0 0 0 0 0 0
218 2 0 0 0 0 0 1 0 0
221 1 0 0 0 0 0 1 0 0
225 14 0 0 10 0 0 0 0 0
fl=/build/eglibc-niDHA5/eglibc-2.13/elf/do-rel.h
fn=_dl_start
57 1 0 0 0 0 0 0 0 0
75 3 0 0 2 0 0 1 0 0
76 3 1 1 1 0 0 0 0 0
79 6 0 0 1 0 0 0 0 0
104 36 1 1 0 0 0 0 0 0
105 11 0 0 11 0 0 0 0 0
109 3 0 0 1 0 0 0 0 0
117 30 0 0 9 0 0 1 0 0
120 40 0 0 16 1 1 0 0 0
122 16 0 0 8 0 0 8 0 0
fl=/build/eglibc-niDHA5/eglibc-2.13/elf/dynamic-link.h
fn=_dl_map_object_from_fd
113 2 0 0 0 0 0 0 0 0
117 1 0 0 0 0 0 0 0 0
119 66 0 0 22 3 3 0 0 0
121 42 1 1 0 0 0 0 0 0
122 18 0 0 0 0 0 18 2 2
126 12 1 1 0 0 0 0 0 0
127 8 0 0 0 0 0 2 1 1
128 4 0 0 0 0 0 0 0 0
131 4 0 0 0 0 0 0 0 0
134 4 1 1 0 0 0 0 0 0
135 4 0 0 0 0 0 1 0 0
137 21 0 0 0 0 0 0 0 0
144 3 0 0 1 0 0 0 0 0
164 4 1 1 2 0 0 0 0 0
165 4 0 0 2 0 0 0 0 0
166 4 0 0 2 0 0 0 0 0
167 4 0 0 2 0 0 0 0 0
169 3 0 0 1 0 0 0 0 0
172 4 0 0 2 0 0 0 0 0
174 4 0 0 2 0 0 0 0 0
175 3 1 1 1 0 0 0 0 0
176 4 0 0 2 0 0 0 0 0
182 3 0 0 1 0 0 0 0 0
189 5 1 1 1 0 0 0 0 0
194 3 0 0 1 0 0 0 0 0
198 3 1 1 1 0 0 0 0 0
199 3 0 0 2 0 0 0 0 0
211 3 0 0 1 0 0 0 0 0
225 3 1 1 1 0 0 0 0 0
227 2 0 0 1 0 0 1 0 0
229 2 0 0 0 0 0 0 0 0
232 3 0 0 1 0 0 0 0 0
fn=_dl_start
119 58 1 1 20 3 3 0 0 0
121 36 0 0 0 0 0 0 0 0
122 15 1 1 0 0 0 13 1 1
126 20 0 0 0 0 0 0 0 0
127 12 0 0 0 0 0 4 2 2
128 4 2 2 0 0 0 0 0 0
131 4 0 0 0 0 0 0 0 0
134 4 2 2 0 0 0 0 0 0
135 4 0 0 0 0 0 1 1 1
137 18 0 0 0 0 0 0 0 0
144 2 0 0 0 0 0 0 0 0
164 4 0 0 2 0 0 0 0 0
165 4 0 0 2 0 0 0 0 0
166 4 0 0 2 0 0 0 0 0
167 4 0 0 2 0 0 0 0 0
172 4 1 1 2 0 0 0 0 0
174 4 0 0 2 0 0 0 0 0
175 4 0 0 2 0 0 0 0 0
176 4 0 0 2 0 0 0 0 0
182 3 0 0 1 0 0 0 0 0
185 2 1 1 1 0 0 0 0 0
198 3 0 0 1 0 0 0 0 0
199 3 0 0 2 0 0 0 0 0
203 3 0 0 1 0 0 0 0 0
205 3 0 0 1 0 0 0 0 0
208 3 1 1 1 0 0 0 0 0
209 3 0 0 1 0 0 0 0 0
fn=dl_main
104 1 0 0 1 0 0 0 0 0
113 2 0 0 0 0 0 0 0 0
117 1 0 0 0 0 0 0 0 0
119 96 1 1 32 5 5 0 0 0
121 62 0 0 0 0 0 0 0 0
122 27 0 0 0 0 0 27 2 2
126 16 0 0 0 0 0 0 0 0
127 12 0 0 0 0 0 3 1 1
128 4 1 1 0 0 0 0 0 0
131 4 1 1 0 0 0 0 0 0
134 4 2 2 0 0 0 0 0 0
135 4 0 0 0 0 0 1 0 0
137 31 0 0 0 0 0 0 0 0
144 3 0 0 1 0 0 0 0 0
182 3 1 1 1 0 0 0 0 0
189 5 1 1 1 0 0 0 0 0
194 2 0 0 1 0 0 0 0 0
198 2 1 1 1 0 0 0 0 0
199 3 0 0 2 0 0 0 0 0
211 3 0 0 1 0 0 0 0 0
225 3 1 1 1 0 0 0 0 0
232 2 0 0 1 0 0 0 0 0
fl=/build/eglibc-niDHA5/eglibc-2.13/elf/rtld.c
fn=_dl_initial_error_catch_tsd
800 16 0 0 0 0 0 8 0 0
803 12 0 0 8 0 0 0 0 0
fn=_dl_start
307 2 1 1 0 0 0 1 1 1
308 2 0 0 0 0 0 1 0 0
309 2 0 0 0 0 0 1 0 0
310 2 0 0 0 0 0 1 0 0
311 2 0 0 0 0 0 1 0 0
336 1 0 0 0 0 0 1 0 0
342 5 0 0 1 0 0 3 0 0
372 9 1 1 0 0 0 6 0 0
416 1 0 0 0 0 0 1 1 1
419 2 0 0 0 0 0 1 1 1
547 3 0 0 1 0 0 0 0 0
552 17 1 1 8 0 0 2 0 0
554 1 0 0 1 1 1 0 0 0
fn=dl_main
895 8 1 1 0 0 0 5 0 0
914 2 0 0 0 0 0 1 0 0
917 2 0 0 0 0 0 1 1 1
921 2 0 0 0 0 0 1 1 1
922 2 1 1 0 0 0 1 0 0
927 2 0 0 0 0 0 1 0 0
930 2 0 0 0 0 0 1 1 1
937 4 0 0 2 0 0 0 0 0
1116 9 2 2 0 0 0 4 0 0
1118 2 0 0 0 0 0 0 0 0
1119 2 1 1 1 0 0 1 0 0
1120 2 0 0 1 0 0 1 0 0
1121 3 0 0 2 0 0 1 0 0
1125 3 0 0 0 0 0 1 0 0
1126 5 1 1 1 0 0 1 1 1
1147 1 0 0 0 0 0 1 0 0
1148 1 0 0 0 0 0 1 0 0
1150 1 0 0 0 0 0 1 0 0
1152 1 0 0 1 0 0 0 0 0
1155 31 1 1 4 0 0 1 0 0
1156 67 2 2 8 4 4 0 0 0
1160 3 1 1 2 0 0 1 0 0
1161 1 0 0 0 0 0 0 0 0
1165 3 0 0 2 0 0 1 0 0
1166 1 0 0 0 0 0 0 0 0
1174 3 0 0 2 0 0 1 0 0
1177 4 2 2 1 0 0 2 0 0
1184 3 0 0 1 0 0 0 0 0
1198 3 0 0 0 0 0 1 0 0
1210 14 0 0 8 0 0 2 0 0
1212 4 0 0 2 0 0 0 0 0
1213 2 0 0 1 0 0 1 0 0
1216 4 0 0 4 1 1 0 0 0
1217 4 0 0 2 0 0 0 0 0
1218 2 0 0 0 0 0 2 0 0
1219 6 0 0 3 0 0 0 0 0
1220 2 0 0 0 0 0 1 0 0
1247 2 1 1 1 0 0 1 0 0
1248 1 0 0 0 0 0 0 0 0
1252 2 0 0 0 0 0 1 0 0
1258 3 0 0 1 0 0 0 0 0
1261 2 1 1 1 0 0 0 0 0
1263 2 0 0 1 0 0 0 0 0
1265 2 0 0 1 0 0 0 0 0
1278 6 0 0 2 0 0 0 0 0
1279 9 1 1 5 0 0 4 1 1
1284 1 0 0 0 0 0 1 0 0
1286 1 0 0 0 0 0 1 0 0
1287 1 1 1 0 0 0 1 0 0
1289 2 0 0 1 0 0 0 0 0
1290 2 0 0 0 0 0 1 0 0
1294 2 0 0 1 0 0 0 0 0
1296 2 0 0 1 0 0 0 0 0
1301 2 0 0 0 0 0 1 0 0
1304 2 0 0 1 0 0 0 0 0
1324 4 1 1 1 0 0 1 0 0
1416 9 2 2 1 0 0 2 0 0
1421 2 0 0 1 0 0 1 0 0
1424 4 0 0 1 0 0 2 0 0
1426 1 0 0 0 0 0 1 0 0
1431 2 0 0 1 0 0 0 0 0
1434 4 0 0 2 0 0 1 0 0
1435 4 1 1 1 0 0 1 0 0
1436 3 1 1 0 0 0 2 0 0
1437 1 0 0 0 0 0 1 0 0
1438 1 0 0 1 0 0 0 0 0
1439 2 0 0 2 0 0 0 0 0
1444 2 0 0 1 0 0 0 0 0
1445 4 0 0 1 0 0 1 0 0
1449 1 0 0 1 0 0 0 0 0
1450 2 0 0 1 0 0 0 0 0
1452 1 0 0 0 0 0 1 0 0
1453 2 0 0 1 1 1 1 0 0
1457 4 0 0 1 0 0 0 0 0
1458 4 0 0 0 0 0 0 0 0
1459 4 1 1 1 1 1 0 0 0
1461 2 0 0 1 0 0 1 1 1
1462 2 0 0 1 1 1 1 0 0
1467 2 0 0 1 1 1 0 0 0
1472 4 0 0 1 0 0 1 0 0
1653 3 1 1 1 0 0 0 0 0
1656 2 0 0 1 0 0 1 0 0
1660 3 0 0 1 0 0 0 0 0
1665 2 0 0 1 0 0 1 0 0
1666 1 0 0 0 0 0 1 0 0
1670 3 0 0 1 0 0 0 0 0
1685 3 1 1 2 0 0 0 0 0
1689 4 0 0 1 0 0 1 0 0
1696 65 2 2 46 0 0 8 1 1
1702 16 0 0 4 0 0 6 0 0
1703 4 1 1 2 0 0 0 0 0
1706 10 0 0 2 0 0 3 0 0
1720 7 1 1 0 0 0 4 0 0
1797 4 0 0 2 0 0 0 0 0
1801 7 1 1 1 0 0 0 0 0
1805 2 0 0 0 0 0 1 0 0
1806 1 0 0 1 0 0 0 0 0
1807 2 0 0 0 0 0 0 0 0
1808 3 1 1 1 0 0 0 0 0
1815 8 0 0 2 0 0 3 0 0
fn=do_preload
809 9 1 1 0 0 0 5 0 0
811 1 0 0 0 0 0 1 0 0
815 1 0 0 0 0 0 1 0 0
816 1 0 0 0 0 0 1 0 0
817 1 0 0 0 0 0 1 0 0
819 2 1 1 1 0 0 1 0 0
821 9 0 0 0 0 0 3 0 0
822 3 0 0 1 0 0 0 0 0
824 4 0 0 2 0 0 0 0 0
836 6 1 1 5 0 0 0 0 0
fn=map_doit
635 5 1 1 1 0 0 2 0 0
637 10 0 0 3 0 0 5 0 0
639 3 0 0 3 0 0 0 0 0
fn=process_envvars
2536 9 1 1 0 0 0 6 1 1
2537 2 0 0 1 0 0 1 0 0
2543 4 0 0 0 0 0 3 1 1
2544 5 1 1 1 0 0 0 0 0
2546 17 0 0 3 0 0 3 1 1
2550 101 0 0 21 0 0 0 0 0
2551 19 0 0 0 0 0 0 0 0
2559 12 1 1 2 1 1 0 0 0
2582 5 1 1 2 1 1 0 0 0
2589 9 1 1 1 0 0 5 0 0
2591 2 0 0 0 0 0 1 0 0
2592 1 0 0 0 0 0 0 0 0
2635 17 2 2 24 1 1 0 0 0
2637 2 1 1 0 0 0 1 0 0
2638 1 0 0 0 0 0 0 0 0
2674 3 0 0 0 0 0 1 0 0
2680 2 1 1 0 0 0 1 0 0
2693 3 0 0 0 0 0 2 0 0
2702 2 0 0 0 0 0 1 0 0
2708 3 0 0 2 0 0 1 0 0
2712 3 0 0 1 0 0 0 0 0
2745 3 0 0 1 0 0 0 0 0
2767 6 0 0 5 0 0 0 0 0
fn=rtld_lock_default_lock_recursive
842 6 1 1 2 0 0 2 0 0
843 2 0 0 2 0 0 0 0 0
844 4 0 0 4 0 0 0 0 0
fn=rtld_lock_default_unlock_recursive
848 6 1 1 2 0 0 2 0 0
849 2 0 0 2 0 0 0 0 0
850 4 0 0 4 0 0 0 0 0
fl=/build/eglibc-niDHA5/eglibc-2.13/io/../sysdeps/unix/syscall-template.S
fn=???
84 174 0 0 174 0 0 0 0 0
fn=access
82 24 1 1 6 0 0 0 0 0
83 24 1 1 3 0 0 6 0 0
fn=close
82 14 1 1 2 0 0 0 0 0
83 2 0 0 2 0 0 0 0 0
fn=open
82 738 1 1 328 0 0 82 0 0
83 642 0 0 82 0 0 160 0 0
fn=read
82 9 1 1 4 0 0 1 0 0
83 1 0 0 1 0 0 0 0 0
fl=/build/eglibc-niDHA5/eglibc-2.13/io/../sysdeps/unix/sysv/linux/fxstat64.c
fn=__fxstat64
46 10 1 1 0 0 0 6 0 0
49 16 0 0 4 0 0 0 0 0
82 6 0 0 6 0 0 0 0 0
fl=/build/eglibc-niDHA5/eglibc-2.13/io/../sysdeps/unix/sysv/linux/xstat64.c
fn=__xstat64
47 400 1 1 0 0 0 240 0 0
50 904 0 0 160 0 0 66 0 0
84 240 0 0 240 0 0 0 0 0
fl=/build/eglibc-niDHA5/eglibc-2.13/misc/../sysdeps/unix/sysv/linux/i386/mmap.S
fn=mmap
35 4 1 1 0 0 0 4 0 0
37 4 0 0 0 0 0 4 0 0
39 4 0 0 0 0 0 4 0 0
41 4 0 0 0 0 0 4 1 1
44 4 0 0 4 0 0 0 0 0
46 4 0 0 4 0 0 0 0 0
47 4 0 0 4 0 0 0 0 0
48 4 1 1 4 0 0 0 0 0
50 4 0 0 4 0 0 0 0 0
52 4 0 0 4 0 0 0 0 0
54 4 0 0 0 0 0 0 0 0
55 4 0 0 0 0 0 0 0 0
56 4 0 0 0 0 0 0 0 0
57 4 0 0 0 0 0 0 0 0
59 4 0 0 0 0 0 0 0 0
62 4 0 0 0 0 0 0 0 0
65 4 0 0 4 0 0 0 0 0
68 4 0 0 4 0 0 0 0 0
71 4 0 0 4 0 0 0 0 0
74 4 0 0 4 0 0 0 0 0
98 4 0 0 0 0 0 0 0 0
99 4 0 0 0 0 0 0 0 0
103 4 0 0 4 0 0 0 0 0
fl=/build/eglibc-niDHA5/eglibc-2.13/posix/../sysdeps/unix/syscall-template.S
fn=uname
82 7 1 1 1 0 0 0 0 0
83 1 0 0 1 0 0 0 0 0
fl=/build/eglibc-niDHA5/eglibc-2.13/posix/../sysdeps/unix/sysv/linux/i386/_exit.S
fn=_Exit
25 1 0 0 1 0 0 0 0 0
29 1 0 0 0 0 0 0 0 0
30 1 0 0 0 0 0 0 0 0
fl=/build/eglibc-niDHA5/eglibc-2.13/setjmp/../sysdeps/i386/__longjmp.S
fn=__longjmp
56 1 0 0 1 0 0 0 0 0
57 1 0 0 1 0 0 0 0 0
59 1 0 0 1 0 0 0 0 0
61 1 0 0 1 0 0 0 0 0
62 1 0 0 1 0 0 0 0 0
63 1 0 0 1 0 0 0 0 0
64 1 0 0 1 0 0 0 0 0
65 1 0 0 1 0 0 0 0 0
68 1 0 0 0 0 0 0 0 0
fl=/build/eglibc-niDHA5/eglibc-2.13/setjmp/../sysdeps/i386/setjmp.S
fn=__sigsetjmp
34 2 1 1 2 0 0 0 0 0
38 2 0 0 0 0 0 2 0 0
39 2 0 0 0 0 0 2 0 0
40 2 0 0 0 0 0 2 0 0
41 2 0 0 0 0 0 0 0 0
45 2 1 1 0 0 0 2 0 0
46 2 0 0 2 0 0 0 0 0
50 2 0 0 0 0 0 2 0 0
52 2 0 0 0 0 0 2 0 0
56 2 0 0 0 0 0 0 0 0
57 2 0 0 2 0 0 0 0 0
fl=/build/eglibc-niDHA5/eglibc-2.13/string/../sysdeps/i386/i486/strlen.S
fn=strlen
34 19 1 1 19 0 0 0 0 0
36 19 0 0 0 0 0 0 0 0
38 19 0 0 0 0 0 0 0 0
39 19 0 0 0 0 0 0 0 0
40 9 0 0 9 2 2 0 0 0
41 9 0 0 0 0 0 0 0 0
42 8 0 0 0 0 0 0 0 0
44 8 0 0 0 0 0 0 0 0
45 8 0 0 0 0 0 0 0 0
46 5 0 0 5 0 0 0 0 0
47 5 0 0 0 0 0 0 0 0
48 5 0 0 0 0 0 0 0 0
50 5 0 0 0 0 0 0 0 0
51 5 0 0 0 0 0 0 0 0
52 5 0 0 5 0 0 0 0 0
53 5 0 0 0 0 0 0 0 0
64 3 0 0 0 0 0 0 0 0
67 17 0 0 0 0 0 0 0 0
69 30 0 0 30 4 4 0 0 0
70 30 0 0 0 0 0 0 0 0
71 30 0 0 0 0 0 0 0 0
74 30 0 0 0 0 0 0 0 0
75 28 0 0 0 0 0 0 0 0
76 28 1 1 0 0 0 0 0 0
77 28 0 0 0 0 0 0 0 0
79 28 0 0 0 0 0 0 0 0
81 26 0 0 26 0 0 0 0 0
82 26 0 0 0 0 0 0 0 0
83 26 0 0 0 0 0 0 0 0
86 26 0 0 0 0 0 0 0 0
87 23 0 0 0 0 0 0 0 0
88 23 0 0 0 0 0 0 0 0
89 23 0 0 0 0 0 0 0 0
91 23 0 0 0 0 0 0 0 0
93 23 0 0 23 1 1 0 0 0
94 23 0 0 0 0 0 0 0 0
95 23 0 0 0 0 0 0 0 0
98 23 0 0 0 0 0 0 0 0
99 22 0 0 0 0 0 0 0 0
100 22 0 0 0 0 0 0 0 0
101 22 0 0 0 0 0 0 0 0
103 22 0 0 0 0 0 0 0 0
105 21 0 0 21 0 0 0 0 0
106 21 0 0 0 0 0 0 0 0
107 21 0 0 0 0 0 0 0 0
110 21 0 0 0 0 0 0 0 0
111 17 0 0 0 0 0 0 0 0
112 17 0 0 0 0 0 0 0 0
113 17 0 0 0 0 0 0 0 0
115 17 0 0 0 0 0 0 0 0
117 7 0 0 0 0 0 0 0 0
118 9 0 0 0 0 0 0 0 0
119 12 0 0 0 0 0 0 0 0
121 16 1 1 0 0 0 0 0 0
122 16 0 0 0 0 0 0 0 0
123 10 0 0 0 0 0 0 0 0
125 10 0 0 0 0 0 0 0 0
126 10 0 0 0 0 0 0 0 0
127 6 0 0 0 0 0 0 0 0
129 6 0 0 0 0 0 0 0 0
130 6 0 0 0 0 0 0 0 0
131 3 0 0 0 0 0 0 0 0
134 19 0 0 19 0 0 0 0 0
137 19 0 0 19 0 0 0 0 0
fl=/build/eglibc-niDHA5/eglibc-2.13/string/../sysdeps/i386/memcmp.S
fn=bcmp
34 1 1 1 0 0 0 1 0 0
36 1 0 0 0 0 0 0 0 0
40 1 0 0 1 0 0 0 0 0
42 1 0 0 1 0 0 0 0 0
43 1 0 0 1 0 0 0 0 0
47 1 0 0 0 0 0 0 0 0
49 1 1 1 0 0 0 0 0 0
51 8 0 0 14 1 1 0 0 0
53 1 0 0 0 0 0 0 0 0
70 1 0 0 1 0 0 0 0 0
73 1 0 0 0 0 0 0 0 0
77 1 0 0 1 0 0 0 0 0
fl=/build/eglibc-niDHA5/eglibc-2.13/string/../sysdeps/i386/memset.c
fn=memset
33 16 1 1 4 0 0 6 0 0
39 4 0 0 2 0 0 0 0 0
42 2 0 0 0 0 0 0 0 0
45 4 0 0 0 0 0 0 0 0
74 8 0 0 0 0 0 6 1 1
81 12 0 0 8 0 0 0 0 0
fl=/build/eglibc-niDHA5/eglibc-2.13/string/../sysdeps/i386/strchr.S
fn=index
38 5 1 1 0 0 0 5 0 0
41 5 0 0 5 0 0 0 0 0
42 5 0 0 5 0 0 0 0 0
49 5 0 0 0 0 0 0 0 0
50 5 0 0 0 0 0 0 0 0
51 5 0 0 0 0 0 0 0 0
52 5 0 0 0 0 0 0 0 0
65 5 0 0 0 0 0 0 0 0
66 5 0 0 0 0 0 0 0 0
67 3 0 0 3 1 1 0 0 0
68 3 0 0 0 0 0 0 0 0
69 3 1 1 0 0 0 0 0 0
70 3 0 0 0 0 0 0 0 0
71 3 0 0 0 0 0 0 0 0
72 3 0 0 0 0 0 0 0 0
74 3 0 0 0 0 0 0 0 0
75 3 0 0 0 0 0 0 0 0
76 3 0 0 3 0 0 0 0 0
77 3 0 0 0 0 0 0 0 0
78 3 0 0 0 0 0 0 0 0
79 3 0 0 0 0 0 0 0 0
80 3 0 0 0 0 0 0 0 0
81 3 0 0 0 0 0 0 0 0
83 3 0 0 0 0 0 0 0 0
84 3 0 0 0 0 0 0 0 0
85 3 0 0 3 0 0 0 0 0
86 3 0 0 0 0 0 0 0 0
87 3 0 0 0 0 0 0 0 0
88 3 0 0 0 0 0 0 0 0
89 3 0 0 0 0 0 0 0 0
90 3 0 0 0 0 0 0 0 0
93 3 0 0 0 0 0 0 0 0
125 4 0 0 0 0 0 0 0 0
127 9 1 1 9 0 0 0 0 0
128 9 0 0 0 0 0 0 0 0
130 9 0 0 0 0 0 0 0 0
131 9 0 0 0 0 0 0 0 0
141 9 0 0 0 0 0 0 0 0
145 9 0 0 0 0 0 0 0 0
148 9 0 0 0 0 0 0 0 0
149 9 0 0 0 0 0 0 0 0
153 9 0 0 0 0 0 0 0 0
159 8 0 0 0 0 0 0 0 0
160 8 0 0 0 0 0 0 0 0
161 8 0 0 0 0 0 0 0 0
164 8 0 0 0 0 0 0 0 0
165 8 0 0 0 0 0 0 0 0
166 8 0 0 0 0 0 0 0 0
167 8 0 0 0 0 0 0 0 0
169 8 1 1 0 0 0 0 0 0
171 6 0 0 6 0 0 0 0 0
172 6 0 0 0 0 0 0 0 0
174 6 0 0 0 0 0 0 0 0
175 6 0 0 0 0 0 0 0 0
178 6 0 0 0 0 0 0 0 0
179 6 0 0 0 0 0 0 0 0
180 6 0 0 0 0 0 0 0 0
181 6 0 0 0 0 0 0 0 0
183 6 0 0 0 0 0 0 0 0
184 6 0 0 0 0 0 0 0 0
185 6 0 0 0 0 0 0 0 0
186 6 0 0 0 0 0 0 0 0
189 6 0 0 0 0 0 0 0 0
190 6 0 0 0 0 0 0 0 0
191 6 0 0 0 0 0 0 0 0
192 6 0 0 0 0 0 0 0 0
194 6 0 0 0 0 0 0 0 0
196 6 0 0 6 0 0 0 0 0
197 6 0 0 0 0 0 0 0 0
199 6 1 1 0 0 0 0 0 0
200 6 0 0 0 0 0 0 0 0
203 6 0 0 0 0 0 0 0 0
204 6 0 0 0 0 0 0 0 0
205 6 0 0 0 0 0 0 0 0
206 6 0 0 0 0 0 0 0 0
208 6 0 0 0 0 0 0 0 0
209 6 0 0 0 0 0 0 0 0
210 6 0 0 0 0 0 0 0 0
211 6 0 0 0 0 0 0 0 0
214 6 0 0 0 0 0 0 0 0
215 5 0 0 0 0 0 0 0 0
216 5 0 0 0 0 0 0 0 0
217 5 0 0 0 0 0 0 0 0
219 5 0 0 0 0 0 0 0 0
221 5 0 0 5 1 1 0 0 0
222 5 0 0 0 0 0 0 0 0
224 5 0 0 0 0 0 0 0 0
225 5 0 0 0 0 0 0 0 0
228 5 0 0 0 0 0 0 0 0
229 5 0 0 0 0 0 0 0 0
230 5 0 0 0 0 0 0 0 0
231 5 0 0 0 0 0 0 0 0
233 5 0 0 0 0 0 0 0 0
234 5 0 0 0 0 0 0 0 0
235 5 0 0 0 0 0 0 0 0
236 5 0 0 0 0 0 0 0 0
239 5 0 0 0 0 0 0 0 0
240 4 0 0 0 0 0 0 0 0
241 4 0 0 0 0 0 0 0 0
242 4 0 0 0 0 0 0 0 0
244 4 0 0 0 0 0 0 0 0
247 4 1 1 0 0 0 0 0 0
249 4 0 0 4 0 0 0 0 0
254 4 0 0 4 0 0 0 0 0
268 1 0 0 0 0 0 0 0 0
269 1 0 0 0 0 0 0 0 0
292 1 0 0 1 0 0 0 0 0
297 1 0 0 1 0 0 0 0 0
fl=/build/eglibc-niDHA5/eglibc-2.13/string/memcpy.c
fn=memcpy
34 72 1 1 18 0 0 27 0 0
35 9 0 0 9 0 0 0 0 0
40 18 0 0 0 0 0 0 0 0
43 32 0 0 0 0 0 0 0 0
44 17 0 0 1 0 0 1 0 0
55 94 0 0 54 0 0 54 3 3
61 43 0 0 16 0 0 16 1 1
64 45 1 1 36 0 0 0 0 0
fl=/build/eglibc-niDHA5/eglibc-2.13/string/mempcpy.c
fn=mempcpy
35 1080 1 1 180 0 0 540 0 0
36 180 0 0 180 0 0 0 0 0
37 180 0 0 180 0 0 0 0 0
42 360 0 0 0 0 0 0 0 0
45 568 0 0 0 0 0 0 0 0
46 497 0 0 213 0 0 213 0 0
57 1203 0 0 493 0 0 493 2 2
63 924 1 1 384 1 1 384 1 1
66 1080 0 0 720 0 0 0 0 0
fl=/build/eglibc-niDHA5/eglibc-2.13/string/strcmp.c
fn=strcmp
38 182 1 1 68 0 0 57 1 1
39 30 0 0 30 1 1 0 0 0
40 60 0 0 0 0 0 0 0 0
41 31 1 1 0 0 0 0 0 0
43 58 0 0 0 0 0 0 0 0
45 54 0 0 0 0 0 0 0 0
46 76 0 0 76 0 0 0 0 0
fl=???
fn=???
0 26 2 2 24 0 0 1 1 1
summary: 33233 374 374 10800 121 121 7030 81 81
